active 0
playing 0
playlist 0
position 186
shuffle 126,168,76,129,86,93,67,128,151,193,80,215,105,180,55,154
shuffle 175,150,29,90,208,7,14,16,207,165,141,91,160,99,49,216
shuffle 173,124,89,203,182,202,159,51,185,192,200,196,144,19,82,183
shuffle 212,112,115,18,177,140,36,52,201,56,1,156,162,37,163,73
shuffle 26,10,153,94,42,20,130,127,138,65,3,44,211,195,27,146
shuffle 178,171,142,15,74,83,100,98,79,106,132,70,40,170,148,48
shuffle 28,72,61,8,41,122,103,194,30,135,77,209,57,50,136,172
shuffle 113,121,119,108,13,125,45,22,110,33,68,53,164,35,111,188
shuffle 59,214,43,6,181,69,157,54,152,63,31,4,46,39,120,11
shuffle 198,81,147,62,189,21,169,114,85,205,149,71,186
resume-state 1
resume-time 33037
